     1.00000
     4.75500
     9.95700
     9.63900
     9.47800
     9.48900
     9.70600
    10.20400
    10.35700
    10.35600
    10.22400
     8.22000
     8.68200
     8.72400
     8.79900
    10.20500
    10.28000
    10.30600
    10.30400
     9.19500
     9.19500
     9.21900
     9.25900
    10.03000
    10.07500
    10.31900
    10.36800
     9.27100
     9.36900
    11.36500
    11.12500
 Surface T=     8.34900
A4j 6   101343.547252000004       10.899540283200        9.918875779440
AOj 6   304532.474609000026        0.000010785520       10.294138723600
AYj 6   782203.932173999958        0.000010000000       10.662295972200
A4p 6   101343.544284999996       10.899540283400        9.918875797260
AOp 6   306479.085582000029        0.000010757555       10.353043166800
AYp 6   784148.792447000043        0.000010000000       10.791132686300
A4j12   101343.548758999998       10.899551429600        9.453178177370
AOj12   304552.140786000004        0.000010785921       10.395006378700
A4p12   101343.545851999996       10.899551429700        9.453178122260
AOp12   306458.138890000002        0.000010757438       10.396633730100
 Number steps    4 Number iterations    15 Final time 0.65169000E+07
