Community Geothermal Task 4, 3 boreholes 3D model                             
ROCKS                                                                           
LAY01    2     2600.     0.300 1.000E-12 1.000E-12 1.000E-12   2.50      1000.00
     1.e-8                 0.5 0.669                                            
    7     0.8       0.1       1.        0.1
    7     0.4       0.03      2.5e-4    1.e-3     1.0
LAY02    2     2600.     0.300 1.000E-12 1.000E-12 1.000E-12   2.50      1000.00
     1.e-8                 0.5 0.669                                            
    7     0.8       0.1       1.        0.1
    7     0.4       0.03      2.5e-4    1.e-3     1.0
LAY03    2     2600.     0.300 1.000E-13 1.000E-13 1.000E-13   2.50      1000.00
     1.e-8                 0.5 0.669                                            
    7     0.8       0.1       1.        0.1
    7     0.4       0.03     7.91e-5    1.e-3     1.0
LAY04    2     2600.     0.300 1.000E-13 1.000E-13 1.000E-13   2.50      1000.00
     1.e-8                 0.5 0.669                                            
    7     0.8       0.1       1.        0.1
    7     0.4       0.03     7.91e-5    1.e-3     1.0
LAY05    2     2600.     0.300 0.300E-12 0.300E-12 0.300E-12   2.50      1000.00
     1.e-8                 0.5 0.669                                            
    7     0.8       0.1       1.        0.1
    7     0.4       0.03     1.37e-4    1.e-3     1.0
LAY06    2     2600.     0.300 1.000E-12 1.000E-12 1.000E-12   2.50      1000.00
     1.e-8                 0.5 0.669                                            
    7     0.8       0.1       1.        0.1
    7     0.4       0.03      2.5e-4    1.e-3     1.0
LAY07    2     2600.     0.300 1.000E-12 1.000E-12 1.000E-12   2.50      1000.00
     1.e-8                 0.5 0.669                                            
    7     0.8       0.1       1.        0.1
    7     0.4       0.03      2.5e-4    1.e-3     1.0
LAY08    2     2600.     0.300 0.500E-12 0.500E-12 0.500E-12   2.50      1000.00
     1.e-8                 0.5 0.669                                            
    7     0.8       0.1       1.        0.1
    7     0.4       0.03     1.77e-4    1.e-3     1.0
LAY09    2     2600.     0.300 0.500E-12 0.500E-12 0.500E-12   2.50      1000.00
     1.e-8                 0.5 0.669                                            
    7     0.8       0.1       1.        0.1
    7     0.4       0.03     1.77e-4    1.e-3     1.0
LAY10    2     2600.     0.300 1.000E-13 1.000E-13 1.000E-13   2.50      1000.00
     1.e-8                 0.5 0.669                                            
    7     0.8       0.1       1.        0.1
    7     0.4       0.03     7.91e-5    1.e-3     1.0
LAY11    2     2600.     0.300 1.000E-14 1.000E-14 1.000E-14   2.50      1000.00
     1.e-8                 0.5 0.669                                            
    7     0.8       0.1       1.        0.1
    7     0.4       0.03      2.5e-5    1.e-3     1.0
LAY12    2     2600.     0.300 3.000E-14 3.000E-14 3.000E-14   2.50      1000.00
     1.e-8                 0.5 0.669                                            
    7     0.8       0.1       1.        0.1
    7     0.4       0.03     4.33e-5    1.e-3     1.0
LAY13    2     2600.     0.300 3.000E-13 3.000E-13 3.000E-13   2.50      1000.00
     1.e-8                 0.5 0.669                                            
    7     0.8       0.1       1.        0.1
    7     0.4       0.03     1.37e-4    1.e-3     1.0
LAY14    2     2600.     0.300 3.000E-13 3.000E-13 3.000E-13   2.50      1000.00
     1.e-8                 0.5 0.669                                            
    7     0.8       0.1       1.        0.1
    7     0.4       0.03     1.37e-4    1.e-3     1.0
LAY15    2     2600.     0.300 7.000E-13 7.000E-13 7.000E-13   2.50      1000.00
     1.e-8                 0.5 0.669                                            
    7     0.8       0.1       1.        0.1
    7     0.4       0.03     2.09e-4    1.e-3     1.0
LAY16    2     2600.     0.300 1.000E-12 1.000E-12 1.000E-12   2.50      1000.00
     1.e-8                 0.5 0.669                                            
    7     0.8       0.1       1.        0.1
    7     0.4       0.03      2.5e-4    1.e-3     1.0
LAY17    2     2600.     0.300 1.000E-12 1.000E-12 1.000E-12   2.50      1000.00
     1.e-8                 0.5 0.669                                            
    7     0.8       0.1       1.        0.1
    7     0.4       0.03      2.5e-4    1.e-3     1.0
LAY18    2     2600.     0.300 1.000E-12 1.000E-12 1.000E-12   2.50      1000.00
     1.e-8                 0.5 0.669                                            
    7     0.8       0.1       1.        0.1
    7     0.4       0.03      2.5e-4    1.e-3     1.0
LAY19    2     2600.     0.300 1.000E-12 1.000E-12 1.000E-12   2.50      1000.00
     1.e-8                 0.5 0.669                                            
    7     0.8       0.1       1.        0.1
    7     0.4       0.03      2.5e-4    1.e-3     1.0
LAY20    2     2600.     0.300 0.500E-12 0.500E-12 0.500E-12   2.50      1000.00
     1.e-8                 0.5 0.669                                            
    7     0.8       0.1       1.        0.1
    7     0.4       0.03     1.77e-4    1.e-3     1.0
LAY21    2     2600.     0.300 0.500E-12 0.500E-12 0.500E-12   2.50      1000.00
     1.e-8                 0.5 0.669                                            
    7     0.8       0.1       1.        0.1
    7     0.4       0.03     1.77e-4    1.e-3     1.0
LAY22    2     2600.     0.300 0.400E-12 0.400E-12 0.400E-12   2.50      1000.00
     1.e-8                 0.5 0.669                                            
    7     0.8       0.1       1.        0.1
    7     0.4       0.03     1.58e-4    1.e-3     1.0
LAY23    2     2600.     0.300 0.300E-12 0.300E-12 0.300E-12   2.50      1000.00
     1.e-8                 0.5 0.669                                            
    7     0.8       0.1       1.        0.1
    7     0.4       0.03     1.37e-4    1.e-3     1.0
LAY24    2     2600.     0.300 0.200E-12 0.200E-12 0.200E-12   2.50      1000.00
     1.e-8                 0.5 0.669                                            
    7     0.8       0.1       1.        0.1
    7     0.4       0.03     1.12e-4    1.e-3     1.0
LAY25    2     2600.     0.300 0.150E-12 0.150E-12 0.150E-12   2.50      1000.00
     1.e-8                 0.5 0.669                                            
    7     0.8       0.1       1.        0.1
    7     0.4       0.03     9.68e-5    1.e-3     1.0
LAY26    2     2600.     0.300 0.150E-12 0.150E-12 0.150E-12   2.50      1000.00
     1.e-8                 0.5 0.669                                            
    7     0.8       0.1       1.        0.1
    7     0.4       0.03     9.68e-5    1.e-3     1.0
LAY27    2     2600.     0.300 0.120E-12 0.120E-12 0.120E-12   2.50      1000.00
     1.e-8                 0.5 0.669                                            
    7     0.8       0.1       1.        0.1
    7     0.4       0.03     8.66e-5    1.e-3     1.0
LAY28    2     2600.     0.300 0.700E-12 0.700E-12 0.700E-12   2.50      1000.00
     1.e-8                 0.5 0.669                                            
    7     0.8       0.1       1.        0.1
    7     0.4       0.03     2.09e-4    1.e-3     1.0
LAY29    2     2600.     0.300 0.800E-12 0.800E-12 0.800E-12   2.50      1000.00
     1.e-8                 0.5 0.669                                            
    7     0.8       0.1       1.        0.1
    7     0.4       0.03     2.24e-4    1.e-3     1.0
LAY30    2     2600.     0.300 0.700E-12 0.700E-12 0.700E-12   2.50      1000.00
     1.e-8                 0.5 0.669                                            
    7     0.8       0.1       1.        0.1
    7     0.4       0.03     2.09e-4    1.e-3     1.0
LAY31    2     2600.     0.300 0.500E-12 0.500E-12 0.500E-12   2.50      1000.00
     1.e-8                 0.5 0.669                                            
    7     0.8       0.1       1.        0.1
    7     0.4       0.03     1.77e-4    1.e-3     1.0
LAY32    2     2600.     0.300 0.050E-12 0.050E-12 0.050E-12   2.50      1000.00
     1.e-8                 0.5 0.669                                            
    7     0.8       0.1       1.        0.1
    7     0.4       0.03     5.59e-5    1.e-3     1.0
LAY33    2     2600.     0.300 0.020E-12 0.020E-12 0.020E-12   2.50      1000.00
     1.e-8                 0.5 0.669                                            
    7     0.8       0.1       1.        0.1
    7     0.4       0.03     3.54e-5    1.e-3     1.0
LAY34    2     2600.     0.300 0.100E-12 0.100E-12 0.100E-12   2.50      1000.00
     1.e-8                 0.5 0.669                                            
    7     0.8       0.1       1.        0.1
    7     0.4       0.03     7.91e-5    1.e-3     1.0
LAY35    2     2600.     0.300 1.000E-12 1.000E-12 1.000E-12   2.50      1000.00
     1.e-8                 0.5 0.669                                            
    7     0.8       0.1       1.        0.1
    7     0.4       0.03      2.5e-4    1.e-3     1.0
LAY36    2     2600.     0.300 1.000E-12 1.000E-12 1.000E-12   2.50      1000.00
     1.e-8                 0.5 0.669                                            
    7     0.8       0.1       1.        0.1
    7     0.4       0.03      2.5e-4    1.e-3     1.0
LAY37    2     2600.     0.300 0.900E-12 0.900E-12 0.900E-12   2.50      1000.00
     1.e-8                 0.5 0.669                                            
    7     0.8       0.1       1.        0.1
    7     0.4       0.03     2.37e-4    1.e-3     1.0
LAY38    2     2600.     0.300 0.001E-12 0.001E-12 0.001E-12   2.50      1000.00
     1.e-8                 0.5 0.669                                            
    7     0.8       0.1       1.        0.1
    7     0.4       0.03     7.91e-6    1.e-3     1.0
LAY39    2     2600.     0.300 0.700E-12 0.700E-12 0.700E-12   2.50      1000.00
     1.e-8                 0.5 0.669                                            
    7     0.8       0.1       1.        0.1
    7     0.4       0.03     2.09e-4    1.e-3     1.0
LAY40    2     2600.     0.300 1.000E-12 1.000E-12 1.000E-12   2.50      1000.00
     1.e-8                 0.5 0.669                                            
    7     0.8       0.1       1.        0.1
    7     0.4       0.03      2.5e-4    1.e-3     1.0
BORE1    2     2600.     0.001 0.000E-24 0.000E-24 0.000E-24   2.50      1000.00
     1.e-8                 2.5 0.001
    7     0.8       0.1       1.        0.1
    8     
INSUL    2     2600.     0.300 1.000E-17 1.000E-17 1.000E-17   0.10      1000.00
     1.e-8                 0.1 0.669                                            
    7     0.8       0.1       1.        0.1
    8     
ATMOS    2     2600.     0.990 1.000E-12 1.000E-12 1.000E-12   2.50      1000.00
     1.e-8                 0.5 0.0                                              
    7     0.8       0.1       1.        0.1
    8     
                                                                                
START
MULTI----1----*----2----*----3----*----4----*----5----*----6----*----7----*----8
    2    3    2    8                                                            
----*----1 MOP: 123456789*123456789*1234 ---*----5----*----6----*----7----*----8
PARAM----1----*----2----*----3----*----4----*----5----*----6----*----7----*----8
  -39999    99991000301000020004 0  0  1       1.8                             
 .0000E+001.57788e08 1.000E-03 31557600.               9.800
     1.E-7                                             1.E-8                    
               11.e5               1.e-5                10.0                    
TIMES
   06   06                                 
1.0000e-03    86400.   864000. 1.57788e7 3.15576e7 1.57788e8 1.57788e91.57788e10

DIFFU
   2.13e-5    1.e-11
   2.13e-5    1.e-11
OUTPU
    5
SET                     1
SET                     3
HEAT FLOW
FLOW                   -1   -1
DIFFUSIVE FLOW         -1   -1
FOFT
B4B 1
BOB 1
BYB 1
A4m 1
AOm 1
AYm 1
A4P 1
AOP 1
AYP 1

COFT
AM1 1AM2 1             -1
AMY 1AMZ 1             -1
BMM 1BMM 1             -1

ENDCY----1----*----2----*----3----*----4----*----5----*----6----*----7----*----8
