    12.38883
    11.59476
    10.51139
    10.76435
    11.27042
    11.28894
    11.30520
    11.16553
    11.17962
    11.18738
    11.18231
    11.05929
    10.94331
    10.96921
    10.99220
    10.96526
    10.99012
    11.01210
    11.03697
    10.98492
    11.00894
    11.03491
    11.05893
    11.03259
    11.05757
    10.81383
    10.86382
    10.93588
    11.03588
    11.84703
    11.81968
 Surface T=     5.01000
A4j 6   101343.499821000005       10.899538994020        9.999998104379
AOj 6   304537.932322099980        0.000010786608       10.397501750000
AYj 6   782204.944798600045        0.000010000000       10.885003461170
A4p 6   101343.497716600003       10.899538994020        9.999998103964
AOp 6   306476.407824700000        0.000010757928       10.397501968950
AYp 6   784141.436996200006        0.000010000000       10.885003017820
A4j12   101343.493653500002       10.899538994020        9.999998103271
AOj12   304556.408978799998        0.000010786612       10.397501747820
A4p12   101343.491586300006       10.899538994020        9.999998102955
AOp12   306457.937236299971        0.000010757930       10.397501901580
 Number steps    4 Number iterations     8 Final time 0.67500000E+04
